rank_number,actor,contributions,percent,cumulative_sum,cumulative_percent,all_contributions
1,tnqn,3689,12.25215,3689,12.25215,30109
2,jianjuns,3413,11.33548,7102,23.58763,30109
3,lzhecheng,2381,7.90793,9483,31.49557,30109
4,srikartati,1378,4.57670,10861,36.07227,30109
5,weiqiangt,1313,4.36082,12174,40.43309,30109
6,Dyanngg,1293,4.29440,13467,44.72749,30109
7,ruicao93,973,3.23159,14440,47.95908,30109
8,suwang48404,687,2.28171,15127,50.24079,30109
9,gran-vmv,672,2.23189,15799,52.47268,30109
10,mengdie-song,556,1.84662,16355,54.31931,30109
11,ksamoray,421,1.39825,16776,55.71756,30109
12,dreamtalen,350,1.16244,17126,56.88000,30109
13,zyiou,320,1.06281,17446,57.94281,30109
14,GraysonWu,318,1.05616,17764,58.99897,30109
15,ZhangYW18,314,1.04288,18078,60.04185,30109
16,hongliangl,223,0.74064,18301,60.78249,30109
17,lxiaopei,175,0.58122,18476,61.36371,30109
18,McCodeman,171,0.56794,18647,61.93165,30109
19,edwardbadboy,137,0.45501,18784,62.38666,30109
20,AbdYsn,123,0.40852,18907,62.79518,30109
21,reachjainrahul,108,0.35870,19015,63.15387,30109
22,monotosh-avi,102,0.33877,19117,63.49264,30109
23,liu4480,77,0.25574,19194,63.74838,30109
24,ceclinux,65,0.21588,19259,63.96426,30109
25,siddhant94,53,0.17603,19312,64.14029,30109
26,MatthewHinton56,46,0.15278,19358,64.29307,30109
27,hemantavi,45,0.14946,19403,64.44253,30109
28,luolanzone,44,0.14614,19447,64.58866,30109
29,shubhamavi,40,0.13285,19487,64.72151,30109
30,qiyueyao,38,0.12621,19525,64.84772,30109
31,xliuxu,37,0.12289,19562,64.97061,30109
32,heanlan,31,0.10296,19593,65.07357,30109
33,theshubhamp,24,0.07971,19617,65.15328,30109
34,vicky-liu,24,0.07971,19641,65.23299,30109
35,ccbayer,20,0.06643,19661,65.29941,30109
36,wenqiq,20,0.06643,19681,65.36584,30109
37,yfauser,20,0.06643,19701,65.43226,30109
38,hty690,19,0.06310,19720,65.49537,30109
39,jakesokol1,17,0.05646,19737,65.55183,30109
40,alex-vmw,16,0.05314,19753,65.60497,30109
41,dumlutimuralp,14,0.04650,19767,65.65147,30109
42,rbhamre,14,0.04650,19781,65.69796,30109
43,robcowart,14,0.04650,19795,65.74446,30109
44,chauhanshubham,13,0.04318,19808,65.78764,30109
45,A-P,10,0.03321,19818,65.82085,30109
46,Mmduh-483,10,0.03321,19828,65.85406,30109
47,TicktW,9,0.02989,19837,65.88395,30109
48,wiperpaul,9,0.02989,19846,65.91385,30109
49,kais66,8,0.02657,19854,65.94042,30109
50,poozza,8,0.02657,19862,65.96699,30109
51,shadowlan,8,0.02657,19870,65.99356,30109
52,ambarishpande,7,0.02325,19877,66.01681,30109
53,annakhm,6,0.01993,19883,66.03673,30109
54,guesslin,6,0.01993,19889,66.05666,30109
55,pandeaarkin,6,0.01993,19895,66.07659,30109
56,tamilhce,6,0.01993,19901,66.09652,30109
57,aidrees,5,0.01661,19906,66.11312,30109
58,arunvelayutham,5,0.01661,19911,66.12973,30109
59,DanielGlaas,5,0.01661,19916,66.14633,30109
60,dantingl,5,0.01661,19921,66.16294,30109
61,natereid72-vmware,5,0.01661,19926,66.17955,30109
62,rhenwood-arm,5,0.01661,19931,66.19615,30109
63,NiranEC77,4,0.01329,19935,66.20944,30109
64,shnguyen1991,4,0.01329,19939,66.22272,30109
65,alokmaurya88,3,0.00996,19942,66.23269,30109
66,cvhariharan,3,0.00996,19945,66.24265,30109
67,dburkhalter-pivotal,3,0.00996,19948,66.25262,30109
68,gitnote-images,3,0.00996,19951,66.26258,30109
69,leonstack,3,0.00996,19954,66.27254,30109
70,luwang-vmware,3,0.00996,19957,66.28251,30109
71,magaboomchen,3,0.00996,19960,66.29247,30109
72,mshindo,3,0.00996,19963,66.30243,30109
73,nitrotm,3,0.00996,19966,66.31240,30109
74,shapirov103,3,0.00996,19969,66.32236,30109
75,agiannif,2,0.00664,19971,66.32900,30109
76,BearL222,2,0.00664,19973,66.33565,30109
77,faridsaad,2,0.00664,19975,66.34229,30109
78,inforly,2,0.00664,19977,66.34893,30109
79,lspringer,2,0.00664,19979,66.35557,30109
80,Nilesh7756,2,0.00664,19981,66.36222,30109
81,qq1310525081,2,0.00664,19983,66.36886,30109
82,xiaomingkou,2,0.00664,19985,66.37550,30109
83,yasensim,2,0.00664,19987,66.38214,30109
84,YiouZhu1010,2,0.00664,19989,66.38879,30109
85,dandrushko,1,0.00332,19990,66.39211,30109
86,derstich,1,0.00332,19991,66.39543,30109
87,Dhruv-J,1,0.00332,19992,66.39875,30109
88,dilan-js,1,0.00332,19993,66.40207,30109
89,flashdumper,1,0.00332,19994,66.40539,30109
90,g-rabah,1,0.00332,19995,66.40872,30109
91,krambn,1,0.00332,19996,66.41204,30109
92,laidbackware,1,0.00332,19997,66.41536,30109
93,madhukark,1,0.00332,19998,66.41868,30109
94,melodycho,1,0.00332,19999,66.42200,30109
95,mhoshi-vm,1,0.00332,20000,66.42532,30109
96,mrporcles,1,0.00332,20001,66.42864,30109
97,nsxdemo,1,0.00332,20002,66.43196,30109
98,ppouliot,1,0.00332,20003,66.43529,30109
99,pvarade,1,0.00332,20004,66.43861,30109
100,pvtl-pre,1,0.00332,20005,66.44193,30109
101,ramay1,1,0.00332,20006,66.44525,30109
102,RamXX,1,0.00332,20007,66.44857,30109
103,rangar,1,0.00332,20008,66.45189,30109
104,rotbau,1,0.00332,20009,66.45521,30109
105,saramach,1,0.00332,20010,66.45853,30109
106,spyroot,1,0.00332,20011,66.46186,30109
107,sudswasavi,1,0.00332,20012,66.46518,30109
108,tomk235,1,0.00332,20013,66.46850,30109
109,trozet,1,0.00332,20014,66.47182,30109
110,ydp,1,0.00332,20015,66.47514,30109
